 137  263
 376  231
 401  440
 289  294
  66  117
 445  213
 242  441
 151   74
 312  396
  71  404
 365  465
 393  343
 304   48
 190   48
 328  152
  67  218
 429  445
  78  424
 370  351
 120  347
  81   88
 181   85
 271  435
 351  312
 369  103
 221   74
  70  254
 282  134
 294  354
 159  452
 190  142
 239  206
 282  272
 275  297
 165  172
 241  375
 112  358
 313   74
 367  363
 119  317
 371  256
  30  320
 106  421
 296  424
 397  380
  42  435
 293  239
 163  393
 211  228
 380  418
